1621 781 358 360 1416 6528 1891 1044 
18772 0 11844 21809 54774 5771 17599 12520 
620 622 621 618 623 623 620 614 
30291 11765 15409 14845 10277 60821 5000 10444 
1708 1696 1699 1705 1700 1712 1697 1711 
0 58335 0 0 4180 0 4216 0 
2122 -17 1277 1097 1494 1020 2992 2019 
11748 0 0 35731 0 0 0 0 
8502 7878 8391 6967 8479 8494 8005 8417 
73627 5154 11326 0 0 2376 0 5133 
7193 774 3039 2121 3544 3724 6624 6376 
12839 0 1116 0 0 38623 0 0 
6644 6991 7191 7033 7190 4942 5140 6588 
3481 61016 0 0 0 3882 2710 0 
2397 3554 2993 3286 3461 3529 3544 3497 
598 0 367 0 411 0 12427 0 
1422 4292 4297 3152 1783 4285 3020 4339 
0 0 0 0 1582 0 11604 0 
355 358 360 357 359 357 359 358 
769 163 10668 1588 10732 597 448 0 
3710 31299 6521 2636 2853 4821 9403 2528 
0 0 10775 40961 0 0 3631 1169 
10430 6070 16611 8852 4615 4058 7625 10791 
5892 0 28458 5549 9762 7820 5669 7259 
15211 15266 12626 14464 9854 14590 13630 14178 
2502 0 1876 1799 11958 33571 5790 6452 
3993 4137 2519 2177 13872 3594 2477 2844 
875 37062 2148 0 3972 0 0 0 
1238 621 623 619 620 623 622 620 
0 0 195 0 0 0 0 12947 
3196 46334 0 0 7693 7682 0 1420 
0 2353 6133 3092 0 0 0 50437 
9293 0 1312 0 370 1908 3872 1614 
7993 0 0 0 0 0 0 0 
2403 3047 1225 611 8761 1591 2939 2013 
0 0 0 0 0 18757 0 0 
0 2220 4038 294 0 938 329 719 
0 3786 0 0 0 0 0 6404 
2996 1704 1710 1714 1714 1704 1687 1717 
0 0 0 0 0 1184 0 0 
1223 0 588 308 22165 0 0 0 
0 0 278 0 0 0 25000 0 
8 4 9 0 182 1678 11 6 
0 0 0 0 0 0 0 3910 
7361 -3 -4 -4 1061 -4 -4 -4 
0 0 0 0 0 0 0 0 
0 0 0 0 0 0 0 0 
0 0 0 0 0 0 0 0 
1025 1736 1369 989 1238 3110 922 584 
0 0 0 0 -1 3613 0 -1 
29350 71911 9240 19595 5131 21724 0 19109 
76929 0 248 0 0 0 0 7510 
10976 6083 7079 7156 7420 7359 6812 37479 
4442 0 3365 40253 6848 7594 7149 0 
7956 9410 8783 6663 3435 18198 7977 8689 
0 28334 0 0 1119 530 0 1490 
4366 13898 5812 5140 5853 6231 8020 4755 
0 0 0 0 10143 0 0 0 
2779 5495 3646 2864 3728 2926 8243 5592 
383 0 1032 0 11772 0 0 1192 
