361 40 -19 -19 75 -19 30 89 
18952 0 0 0 0 0 0 0 
-29 -29 -30 -29 -30 449 -29 -31 
0 0 0 0 0 0 3791 0 
30 30 30 31 30 27 30 29 
38063 6914 0 0 0 0 0 0 
-39 -39 -39 -42 10777 -40 -39 -39 
0 0 0 0 1253 0 13135 0 
12251 9181 6052 11398 2299 8183 10266 3538 
0 0 4040 0 0 56818 13056 5537 
127 0 120 393 0 366 50 190 
0 0 0 0 0 0 0 377 
177 53 184 107 334 67 0 331 
0 0 0 0 0 980 0 0 
484 501 492 480 483 499 442 503 
0 0 0 0 0 81 0 0 
641 641 503 610 641 385 585 652 
0 0 0 0 0 3503 0 0 
-19 -19 -19 -19 -19 -19 -19 -19 
-2 0 0 779 222 150 0 0 
718 0 4792 0 0 0 0 0 
0 0 0 0 0 4345 0 0 
2196 0 156 0 2291 0 13813 0 
0 0 0 0 0 3848 0 0 
0 1461 579 0 146 386 140 0 
0 0 2011 0 18674 0 0 0 
597 51 303 623 0 0 385 0 
0 0 0 0 0 0 0 5512 
-28 16 -28 -28 -28 -28 -28 -28 
0 226 0 0 85 0 3361 187 
-2 0 0 0 -2 0 0 0 
0 0 0 0 -3 0 6234 0 
421 0 17439 0 1568 0 649 5241 
0 0 0 0 0 0 0 39603 
3897 1602 904 495 678 0 23430 0 
0 7014 4640 12865 2079 5823 4191 44638 
5148 8016 170 474 766 3977 2632 0 
0 108 4772 27855 1262 0 0 6101 
31 31 3 31 31 31 718 31 
0 0 527 8 0 6019 0 836 
2 6820 0 0 0 0 0 0 
0 0 0 0 0 0 0 0 
0 0 0 0 1422 16684 0 0 
2252 2027 0 0 0 11987 0 0 
0 272 0 11885 0 187 0 0 
0 0 0 0 0 0 10973 0 
2000 0 0 0 0 0 0 0 
5610 0 0 4015 0 0 0 0 
-36 -35 -36 -36 -36 -36 -34 -36 
0 0 0 0 34 0 0 0 
0 13000 0 0 73329 0 0 4000 
0 0 0 0 0 0 0 0 
5605 0 27285 0 0 0 0 13834 
2534 109611 0 0 0 0 2348 0 
10395 39348 11121 4968 7230 9140 6634 9732 
5457 0 3588 2124 53796 4061 1846 9603 
3026 4355 563 7289 3259 25602 0 4703 
4502 0 3327 26621 7917 0 0 0 
1463 5173 17043 4238 6671 5628 2357 5729 
0 9737 9433 13059 6616 0 0 2952 
