solved instances in standard strategy times
mintime:2.000000
<0.10 [0.10,0.20] [0.20,0.50] [0.50,0.67] [0.67,0.83] [0.83,1.00] [1.00,1.20] [1.20,1.50] [1.50,2.00] [2.00,5.00] [5.00,10.00] >10.00 

1.000000 
1.200480 
1.503759 
2.000000 
5.000000 
10.000000 


instances with significative gains (1.05)
mintime:20.000000
<0.10 [0.10,0.20] [0.20,0.50] [0.50,0.67] [0.67,0.83] [0.83,1.00] [1.00,1.20] [1.20,1.50] [1.50,2.00] [2.00,5.00] [5.00,10.00] >10.00 

1.000000 
1.200480 
1.503759 
2.000000 
5.000000 
10.000000 


instances with significative gains (1.05)
mintime:100.000000
<0.10 [0.10,0.20] [0.20,0.50] [0.50,0.67] [0.67,0.83] [0.83,1.00] [1.00,1.20] [1.20,1.50] [1.50,2.00] [2.00,5.00] [5.00,10.00] >10.00 

1.000000 
1.200480 
1.503759 
2.000000 
5.000000 
10.000000 


instances with significative gains (1.05)
mintime:1000.000000
<0.10 [0.10,0.20] [0.20,0.50] [0.50,0.67] [0.67,0.83] [0.83,1.00] [1.00,1.20] [1.20,1.50] [1.50,2.00] [2.00,5.00] [5.00,10.00] >10.00 

1.000000 
1.200480 
1.503759 
2.000000 
5.000000 
10.000000 


instances with significative gains (1.05)

gains
2.000000 1.000000 10 
20.000000 1.000000 8 
100.000000 1.000000 7 
1000.000000 1.000000 6 
total time: 1.000000 